324.1	3852	3856	4	0.000
326.0	3810	3834	24	0.001
327.9	3822	3820	0	0.000
329.7	3811	3825	14	0.000
331.6	3809	3826	17	0.001
333.5	3808	3828	20	0.001
335.4	3800	3832	32	0.001
337.3	3799	3793	0	0.000
339.2	3805	3812	7	0.000
341.1	3802	3814	12	0.000
343.0	3787	3824	37	0.001
344.8	3797	3780	0	0.000
346.7	3794	3790	0	0.000
348.6	3788	3786	0	0.000
350.5	3802	3797	0	0.000
352.4	3789	3794	5	0.000
354.3	3780	3796	16	0.001
356.2	3781	3782	1	0.000
358.0	3792	3820	28	0.001
359.9	3783	3823	40	0.001
361.8	3788	3822	34	0.001
363.7	3786	3804	18	0.001
365.6	3791	3808	17	0.001
367.5	3786	3800	14	0.000
369.4	3783	3812	29	0.001
371.2	3793	3820	27	0.001
373.1	3792	3813	21	0.001
375.0	3787	3828	41	0.001
376.9	3788	3796	8	0.000
378.8	3796	3799	3	0.000
380.7	3788	3814	26	0.001
382.6	3790	3797	7	0.000
384.4	3799	3822	23	0.001
386.3	3791	3807	16	0.001
388.2	3779	3796	17	0.001
390.1	3790	3810	20	0.001
392.0	3786	3806	20	0.001
393.9	3785	3772	0	0.000
395.8	3794	3825	31	0.001
397.6	3789	3829	40	0.001
399.5	3793	3817	24	0.001
401.4	3790	3810	20	0.001
403.3	3786	3803	17	0.001
405.2	3788	3816	28	0.001
407.0	3789	3811	22	0.001
408.9	3787	3809	22	0.001
410.8	3793	3814	21	0.001
412.7	3794	3832	38	0.001
414.6	3793	3819	26	0.001
416.5	3791	3825	34	0.001
418.3	3784	3787	3	0.000
420.2	3786	3808	22	0.001
422.1	3798	3835	37	0.001
424.0	3796	3835	39	0.001
425.9	3796	3814	18	0.001
427.7	3791	3842	51	0.002
429.6	3798	3828	30	0.001
431.5	3793	3817	24	0.001
433.4	3790	3809	19	0.001
435.2	3785	3820	35	0.001
437.1	3787	3836	49	0.002
439.0	3799	3838	39	0.001
440.9	3796	3833	37	0.001
442.8	3792	3830	38	0.001
444.6	3799	3839	40	0.001
446.5	3775	3828	53	0.002
448.4	3794	3857	63	0.002
450.3	3794	3859	65	0.002
452.1	3792	3856	64	0.002
454.0	3793	3830	37	0.001
455.9	3802	3827	25	0.001
457.8	3800	3840	40	0.001
459.6	3803	3854	51	0.002
461.5	3795	3826	31	0.001
463.4	3795	3840	45	0.002
465.2	3794	3846	52	0.002
467.1	3792	3819	27	0.001
469.0	3786	3850	64	0.002
470.9	3800	3837	37	0.001
472.7	3790	3821	31	0.001
474.6	3791	3838	47	0.002
476.5	3794	3865	71	0.002
478.3	3802	3845	43	0.002
480.2	3792	3835	43	0.002
482.1	3798	3846	48	0.002
483.9	3796	3840	44	0.002
485.8	3807	3874	67	0.002
487.7	3807	3853	46	0.002
489.5	3801	3841	40	0.001
491.4	3795	3845	50	0.002
493.3	3797	3854	57	0.002
495.1	3792	3841	49	0.002
497.0	3795	3836	41	0.001
498.8	3801	3858	57	0.002
500.7	3797	3844	47	0.002
502.6	3795	3867	72	0.003
504.4	3806	3855	49	0.002
506.3	3800	3852	52	0.002
508.2	3805	3863	58	0.002
510.0	3803	3844	41	0.001
511.9	3802	3854	52	0.002
513.7	3801	3868	67	0.002
515.6	3790	3868	78	0.003
517.5	3802	3862	60	0.002
519.3	3787	3851	64	0.002
521.2	3793	3854	61	0.002
523.0	3802	3851	49	0.002
524.9	3799	3858	59	0.002
526.7	3795	3867	72	0.003
528.6	3798	3853	55	0.002
530.4	3799	3846	47	0.002
532.3	3793	3854	61	0.002
534.1	3809	3849	40	0.001
536.0	3802	3879	77	0.003
537.8	3813	3855	42	0.001
539.7	3793	3846	53	0.002
541.5	3808	3868	60	0.002
543.4	3813	3864	51	0.002
545.2	3803	3850	47	0.002
547.1	3793	3858	65	0.002
548.9	3798	3844	46	0.002
550.8	3805	3852	47	0.002
552.6	3798	3870	72	0.003
554.5	3800	3847	47	0.002
556.3	3812	3845	33	0.001
558.2	3792	3859	67	0.002
560.0	3803	3874	71	0.002
561.9	3804	3855	51	0.002
563.7	3806	3853	47	0.002
565.5	3802	3862	60	0.002
567.4	3805	3873	68	0.002
569.2	3796	3854	58	0.002
571.1	3812	3854	42	0.001
572.9	3802	3850	48	0.002
574.7	3791	3821	30	0.001
576.6	3800	3849	49	0.002
578.4	3805	3875	70	0.002
580.2	3805	3846	41	0.001
582.1	3808	3830	22	0.001
583.9	3805	3858	53	0.002
585.8	3806	3836	30	0.001
587.6	3803	3838	35	0.001
589.4	3806	3882	76	0.003
591.3	3793	3869	76	0.003
593.1	3808	3862	54	0.002
594.9	3800	3888	88	0.003
596.7	3821	3918	97	0.003
598.6	3809	3908	99	0.003
600.4	3808	3929	121	0.004
602.2	3806	3931	125	0.004
604.1	3802	3969	167	0.006
605.9	3803	3980	177	0.006
607.7	3808	4021	213	0.007
609.5	3821	4092	271	0.010
611.4	3809	4128	319	0.011
613.2	3800	4168	368	0.013
615.0	3805	4266	461	0.016
616.8	3815	4337	522	0.018
618.6	3808	4430	622	0.022
620.5	3803	4558	755	0.027
622.3	3817	4727	910	0.032
624.1	3806	4917	1111	0.039
625.9	3814	5144	1330	0.047
627.7	3802	5402	1600	0.056
629.5	3809	5783	1974	0.069
631.4	3815	6198	2383	0.084
633.2	3815	6703	2888	0.102
635.0	3803	7294	3491	0.123
636.8	3813	8076	4263	0.150
638.6	3806	9013	5207	0.183
640.4	3809	10185	6376	0.224
642.2	3813	11619	7806	0.274
644.0	3809	13221	9412	0.331
645.9	3812	14970	11158	0.392
647.7	3814	16802	12988	0.456
649.5	3813	18819	15006	0.527
651.3	3808	21333	17525	0.616
653.1	3812	24615	20803	0.731
654.9	3815	28412	24597	0.865
656.7	3806	31488	27682	0.973
658.5	3806	32258	28452	1.000
660.3	3816	29565	25749	0.905
662.1	3823	24122	20299	0.713
663.9	3812	17894	14082	0.495
665.7	3806	12880	9074	0.319
667.5	3821	9577	5756	0.202
669.3	3812	7541	3729	0.131
671.1	3808	6284	2476	0.087
672.9	3821	5448	1627	0.057
674.7	3809	4893	1084	0.038
676.5	3826	4547	721	0.025
678.3	3807	4276	469	0.016
680.1	3816	4148	332	0.012
681.8	3818	4033	215	0.008
683.6	3815	3965	150	0.005
685.4	3808	3921	113	0.004
687.2	3823	3909	86	0.003
689.0	3816	3885	69	0.002
690.8	3818	3862	44	0.002
692.6	3820	3832	12	0.000
694.4	3815	3834	19	0.001
696.1	3817	3853	36	0.001
697.9	3814	3816	2	0.000
699.7	3818	3840	22	0.001
701.5	3820	3801	0	0.000
703.3	3812	3804	0	0.000
705.0	3818	3824	6	0.000
706.8	3816	3817	1	0.000
708.6	3818	3818	0	0.000
710.4	3815	3800	0	0.000
712.2	3819	3813	0	0.000
713.9	3812	3802	0	0.000
715.7	3816	3811	0	0.000
717.5	3811	3789	0	0.000
719.3	3816	3809	0	0.000
721.0	3816	3813	0	0.000
722.8	3819	3821	2	0.000
724.6	3811	3817	6	0.000
726.3	3817	3783	0	0.000
728.1	3821	3807	0	0.000
729.9	3823	3811	0	0.000
731.6	3817	3796	0	0.000
733.4	3812	3850	38	0.001
735.2	3817	3825	8	0.000
736.9	3822	3821	0	0.000
738.7	3817	3823	6	0.000
740.4	3824	3808	0	0.000
742.2	3815	3805	0	0.000
744.0	3823	3796	0	0.000
745.7	3816	3819	3	0.000
747.5	3817	3797	0	0.000
749.2	3809	3789	0	0.000
751.0	3811	3771	0	0.000
752.7	3826	3805	0	0.000
754.5	3820	3804	0	0.000
756.2	3823	3802	0	0.000
758.0	3825	3805	0	0.000
759.7	3815	3778	0	0.000
761.5	3821	3821	0	0.000
763.2	3812	3809	0	0.000
765.0	3820	3806	0	0.000
766.7	3821	3813	0	0.000
768.5	3824	3808	0	0.000
770.2	3827	3792	0	0.000
772.0	3815	3803	0	0.000
773.7	3830	3825	0	0.000
775.5	3837	3827	0	0.000
777.2	3832	3837	5	0.000
778.9	3843	3818	0	0.000
780.7	3839	3846	7	0.000
782.4	3841	3813	0	0.000
784.1	3850	3860	10	0.000
785.9	3847	3835	0	0.000
787.6	3849	3857	8	0.000
789.3	3865	3845	0	0.000
791.1	3867	3861	0	0.000