324.1	4197	4238	41	0.001
326.0	4107	4120	13	0.000
327.9	4122	4162	40	0.001
329.7	4114	4093	0	0.000
331.6	4113	4139	26	0.001
333.5	4127	4130	3	0.000
335.4	4097	4124	27	0.001
337.3	4099	4104	5	0.000
339.2	4130	4123	0	0.000
341.1	4132	4139	7	0.000
343.0	4085	4122	37	0.001
344.8	4103	4127	24	0.001
346.7	4094	4106	12	0.000
348.6	4082	4104	22	0.001
350.5	4122	4153	31	0.001
352.4	4083	4103	20	0.001
354.3	4072	4096	24	0.001
356.2	4087	4115	28	0.001
358.0	4105	4131	26	0.001
359.9	4091	4090	0	0.000
361.8	4091	4138	47	0.001
363.7	4096	4141	45	0.001
365.6	4084	4108	24	0.001
367.5	4099	4112	13	0.000
369.4	4085	4125	40	0.001
371.2	4104	4117	13	0.000
373.1	4107	4107	0	0.000
375.0	4100	4128	28	0.001
376.9	4089	4095	6	0.000
378.8	4139	4165	26	0.001
380.7	4090	4078	0	0.000
382.6	4100	4138	38	0.001
384.4	4102	4133	31	0.001
386.3	4094	4152	58	0.002
388.2	4071	4139	68	0.002
390.1	4087	4117	30	0.001
392.0	4085	4101	16	0.000
393.9	4086	4127	41	0.001
395.8	4114	4136	22	0.001
397.6	4092	4131	39	0.001
399.5	4088	4093	5	0.000
401.4	4085	4075	0	0.000
403.3	4087	4122	35	0.001
405.2	4094	4130	36	0.001
407.0	4087	4146	59	0.002
408.9	4080	4146	66	0.002
410.8	4100	4171	71	0.002
412.7	4110	4128	18	0.001
414.6	4101	4129	28	0.001
416.5	4095	4139	44	0.001
418.3	4071	4099	28	0.001
420.2	4092	4164	72	0.002
422.1	4093	4127	34	0.001
424.0	4104	4159	55	0.002
425.9	4108	4193	85	0.002
427.7	4088	4170	82	0.002
429.6	4118	4165	47	0.001
431.5	4109	4167	58	0.002
433.4	4072	4138	66	0.002
435.2	4085	4169	84	0.002
437.1	4077	4155	78	0.002
439.0	4112	4197	85	0.002
440.9	4096	4178	82	0.002
442.8	4091	4214	123	0.004
444.6	4120	4222	102	0.003
446.5	4053	4189	136	0.004
448.4	4101	4276	175	0.005
450.3	4102	4254	152	0.004
452.1	4087	4201	114	0.003
454.0	4100	4177	77	0.002
455.9	4126	4256	130	0.004
457.8	4108	4246	138	0.004
459.6	4132	4242	110	0.003
461.5	4096	4241	145	0.004
463.4	4103	4215	112	0.003
465.2	4098	4205	107	0.003
467.1	4078	4215	137	0.004
469.0	4078	4173	95	0.003
470.9	4114	4241	127	0.004
472.7	4085	4222	137	0.004
474.6	4085	4187	102	0.003
476.5	4100	4242	142	0.004
478.3	4113	4200	87	0.003
480.2	4093	4230	137	0.004
482.1	4088	4229	141	0.004
483.9	4104	4185	81	0.002
485.8	4136	4275	139	0.004
487.7	4112	4215	103	0.003
489.5	4130	4270	140	0.004
491.4	4105	4227	122	0.004
493.3	4083	4208	125	0.004
495.1	4097	4194	97	0.003
497.0	4091	4231	140	0.004
498.8	4104	4232	128	0.004
500.7	4103	4252	149	0.004
502.6	4108	4219	111	0.003
504.4	4128	4289	161	0.005
506.3	4089	4250	161	0.005
508.2	4128	4295	167	0.005
510.0	4106	4252	146	0.004
511.9	4104	4236	132	0.004
513.7	4124	4276	152	0.004
515.6	4077	4234	157	0.005
517.5	4113	4275	162	0.005
519.3	4063	4215	152	0.004
521.2	4080	4286	206	0.006
523.0	4103	4311	208	0.006
524.9	4100	4248	148	0.004
526.7	4098	4230	132	0.004
528.6	4093	4270	177	0.005
530.4	4096	4264	168	0.005
532.3	4101	4222	121	0.004
534.1	4125	4240	115	0.003
536.0	4109	4302	193	0.006
537.8	4150	4306	156	0.005
539.7	4091	4310	219	0.006
541.5	4118	4266	148	0.004
543.4	4138	4274	136	0.004
545.2	4097	4225	128	0.004
547.1	4085	4250	165	0.005
548.9	4102	4272	170	0.005
550.8	4099	4291	192	0.006
552.6	4093	4235	142	0.004
554.5	4098	4178	80	0.002
556.3	4131	4262	131	0.004
558.2	4065	4222	157	0.005
560.0	4108	4243	135	0.004
561.9	4110	4252	142	0.004
563.7	4119	4229	110	0.003
565.5	4100	4272	172	0.005
567.4	4119	4255	136	0.004
569.2	4097	4226	129	0.004
571.1	4119	4262	143	0.004
572.9	4117	4204	87	0.003
574.7	4088	4188	100	0.003
576.6	4099	4242	143	0.004
578.4	4097	4263	166	0.005
580.2	4103	4177	74	0.002
582.1	4112	4235	123	0.004
583.9	4104	4202	98	0.003
585.8	4107	4254	147	0.004
587.6	4107	4209	102	0.003
589.4	4112	4246	134	0.004
591.3	4084	4240	156	0.005
593.1	4111	4209	98	0.003
594.9	4092	4156	64	0.002
596.7	4180	4255	75	0.002
598.6	4110	4199	89	0.003
600.4	4119	4209	90	0.003
602.2	4118	4243	125	0.004
604.1	4098	4210	112	0.003
605.9	4099	4186	87	0.003
607.7	4123	4183	60	0.002
609.5	4153	4196	43	0.001
611.4	4119	4244	125	0.004
613.2	4098	4191	93	0.003
615.0	4103	4168	65	0.002
616.8	4145	4174	29	0.001
618.6	4110	4138	28	0.001
620.5	4098	4180	82	0.002
622.3	4142	4194	52	0.002
624.1	4100	4188	88	0.003
625.9	4133	4191	58	0.002
627.7	4108	4210	102	0.003
629.5	4112	4169	57	0.002
631.4	4122	4164	42	0.001
633.2	4114	4203	89	0.003
635.0	4094	4221	127	0.004
636.8	4102	4162	60	0.002
638.6	4105	4243	138	0.004
640.4	4115	4214	99	0.003
642.2	4121	4217	96	0.003
644.0	4112	4242	130	0.004
645.9	4128	4273	145	0.004
647.7	4120	4259	139	0.004
649.5	4125	4291	166	0.005
651.3	4119	4331	212	0.006
653.1	4123	4353	230	0.007
654.9	4114	4386	272	0.008
656.7	4110	4419	309	0.009
658.5	4094	4466	372	0.011
660.3	4120	4570	450	0.013
662.1	4150	4626	476	0.014
663.9	4107	4684	577	0.017
665.7	4101	4750	649	0.019
667.5	4151	4913	762	0.022
669.3	4121	5014	893	0.026
671.1	4096	5102	1006	0.029
672.9	4135	5298	1163	0.034
674.7	4112	5421	1309	0.038
676.5	4152	5706	1554	0.045
678.3	4085	5811	1726	0.050
680.1	4127	6140	2013	0.059
681.8	4125	6420	2295	0.067
683.6	4115	6760	2645	0.077
685.4	4113	7144	3031	0.088
687.2	4154	7630	3476	0.101
689.0	4113	8123	4010	0.117
690.8	4123	8727	4604	0.134
692.6	4130	9413	5283	0.154
694.4	4126	10152	6026	0.176
696.1	4131	11049	6918	0.202
697.9	4109	12005	7896	0.230
699.7	4129	13126	8997	0.262
701.5	4126	14305	10179	0.297
703.3	4104	15550	11446	0.334
705.0	4128	16949	12821	0.374
706.8	4129	18413	14284	0.417
708.6	4109	19966	15857	0.463
710.4	4133	21637	17504	0.511
712.2	4143	23341	19198	0.560
713.9	4120	25095	20975	0.612
715.7	4126	27174	23048	0.672
717.5	4110	29388	25278	0.737
719.3	4131	31724	27593	0.805
721.0	4122	34064	29942	0.874
722.8	4128	36039	31911	0.931
724.6	4112	37426	33314	0.972
726.3	4117	38359	34242	0.999
728.1	4140	38416	34276	1.000
729.9	4143	37347	33204	0.969
731.6	4127	34663	30536	0.891
733.4	4116	30205	26089	0.761
735.2	4109	24763	20654	0.603
736.9	4151	19397	15246	0.445
738.7	4121	14856	10735	0.313
740.4	4157	11601	7444	0.217
742.2	4117	9337	5220	0.152
744.0	4136	7764	3628	0.106
745.7	4109	6744	2635	0.077
747.5	4118	6058	1940	0.057
749.2	4110	5539	1429	0.042
751.0	4098	5184	1086	0.032
752.7	4141	4942	801	0.023
754.5	4151	4752	601	0.018
756.2	4133	4600	467	0.014
758.0	4136	4469	333	0.010
759.7	4118	4423	305	0.009
761.5	4124	4361	237	0.007
763.2	4100	4284	184	0.005
765.0	4135	4255	120	0.004
766.7	4133	4213	80	0.002
768.5	4136	4238	102	0.003
770.2	4134	4224	90	0.003
772.0	4099	4143	44	0.001
773.7	4138	4197	59	0.002
775.5	4155	4179	24	0.001
777.2	4126	4176	50	0.001
778.9	4174	4184	10	0.000
780.7	4161	4167	6	0.000
782.4	4145	4188	43	0.001
784.1	4190	4210	20	0.001
785.9	4162	4184	22	0.001
787.6	4159	4215	56	0.002
789.3	4196	4172	0	0.000
791.1	4200	4230	30	0.001