324.1	4046	4040	0	0.000
326.0	3982	3985	3	0.000
327.9	3987	3953	0	0.000
329.7	3979	3982	3	0.000
331.6	3986	3947	0	0.000
333.5	3975	4002	27	0.001
335.4	3974	3966	0	0.000
337.3	3971	3965	0	0.000
339.2	3992	3969	0	0.000
341.1	3978	4002	24	0.001
343.0	3965	3898	0	0.000
344.8	3975	3923	0	0.000
346.7	3961	3981	20	0.001
348.6	3955	3962	7	0.000
350.5	3974	3950	0	0.000
352.4	3957	3955	0	0.000
354.3	3949	3934	0	0.000
356.2	3951	3994	43	0.001
358.0	3965	3938	0	0.000
359.9	3952	3927	0	0.000
361.8	3954	3985	31	0.001
363.7	3958	3935	0	0.000
365.6	3957	3965	8	0.000
367.5	3966	3971	5	0.000
369.4	3953	3967	14	0.000
371.2	3960	3998	38	0.001
373.1	3971	3980	9	0.000
375.0	3955	3984	29	0.001
376.9	3957	3902	0	0.000
378.8	3978	4009	31	0.001
380.7	3959	3956	0	0.000
382.6	3967	3963	0	0.000
384.4	3973	3992	19	0.001
386.3	3960	4010	50	0.001
388.2	3953	3968	15	0.000
390.1	3955	3934	0	0.000
392.0	3957	3932	0	0.000
393.9	3954	3941	0	0.000
395.8	3967	4000	33	0.001
397.6	3956	3978	22	0.001
399.5	3957	3990	33	0.001
401.4	3962	3969	7	0.000
403.3	3960	3945	0	0.000
405.2	3970	3991	21	0.001
407.0	3966	3975	9	0.000
408.9	3958	3975	17	0.000
410.8	3973	3974	1	0.000
412.7	3970	3971	1	0.000
414.6	3973	4005	32	0.001
416.5	3975	3935	0	0.000
418.3	3958	3916	0	0.000
420.2	3966	3999	33	0.001
422.1	3970	3981	11	0.000
424.0	3964	3980	16	0.000
425.9	3962	4004	42	0.001
427.7	3958	3972	14	0.000
429.6	3982	4002	20	0.001
431.5	3975	3984	9	0.000
433.4	3957	3960	3	0.000
435.2	3960	3958	0	0.000
437.1	3954	3990	36	0.001
439.0	3974	3962	0	0.000
440.9	3969	3981	12	0.000
442.8	3962	3971	9	0.000
444.6	3982	4043	61	0.002
446.5	3949	3949	0	0.000
448.4	3961	3995	34	0.001
450.3	3973	3980	7	0.000
452.1	3974	3996	22	0.001
454.0	3966	4016	50	0.001
455.9	3984	4018	34	0.001
457.8	3981	3989	8	0.000
459.6	3976	4024	48	0.001
461.5	3963	3999	36	0.001
463.4	3967	4039	72	0.002
465.2	3967	4011	44	0.001
467.1	3957	4026	69	0.002
469.0	3953	4016	63	0.002
470.9	3981	4039	58	0.002
472.7	3958	4001	43	0.001
474.6	3959	4010	51	0.001
476.5	3978	4002	24	0.001
478.3	3976	4035	59	0.002
480.2	3969	4025	56	0.001
482.1	3978	4030	52	0.001
483.9	3969	4026	57	0.002
485.8	3993	4038	45	0.001
487.7	3986	4026	40	0.001
489.5	3986	4032	46	0.001
491.4	3968	4048	80	0.002
493.3	3962	4009	47	0.001
495.1	3970	4046	76	0.002
497.0	3968	4048	80	0.002
498.8	3971	4023	52	0.001
500.7	3985	4036	51	0.001
502.6	3975	4030	55	0.001
504.4	3986	4045	59	0.002
506.3	3974	3995	21	0.001
508.2	3988	4059	71	0.002
510.0	3973	4033	60	0.002
511.9	3975	4077	102	0.003
513.7	3979	4039	60	0.002
515.6	3961	4033	72	0.002
517.5	3982	4032	50	0.001
519.3	3951	3998	47	0.001
521.2	3969	4025	56	0.001
523.0	3972	4053	81	0.002
524.9	3973	4114	141	0.004
526.7	3967	4048	81	0.002
528.6	3966	3990	24	0.001
530.4	3974	4015	41	0.001
532.3	3961	4001	40	0.001
534.1	3988	4032	44	0.001
536.0	3983	4024	41	0.001
537.8	3995	4071	76	0.002
539.7	3961	4034	73	0.002
541.5	3981	4062	81	0.002
543.4	3987	4011	24	0.001
545.2	3975	4068	93	0.002
547.1	3956	4005	49	0.001
548.9	3977	4029	52	0.001
550.8	3970	4019	49	0.001
552.6	3977	4076	99	0.003
554.5	3968	4011	43	0.001
556.3	3984	4051	67	0.002
558.2	3954	4009	55	0.001
560.0	3977	4028	51	0.001
561.9	3983	4046	63	0.002
563.7	3980	4034	54	0.001
565.5	3971	4026	55	0.001
567.4	3984	4074	90	0.002
569.2	3981	4029	48	0.001
571.1	3982	4036	54	0.001
572.9	3988	4115	127	0.003
574.7	3956	4033	77	0.002
576.6	3975	4086	111	0.003
578.4	3974	4111	137	0.004
580.2	3979	4123	144	0.004
582.1	3985	4197	212	0.006
583.9	3984	4221	237	0.006
585.8	3981	4307	326	0.009
587.6	3979	4371	392	0.010
589.4	3978	4450	472	0.013
591.3	3970	4569	599	0.016
593.1	3978	4739	761	0.020
594.9	3969	4914	945	0.025
596.7	4012	5113	1101	0.029
598.6	3985	5356	1371	0.036
600.4	3978	5619	1641	0.043
602.2	3989	6032	2043	0.054
604.1	3976	6507	2531	0.067
605.9	3978	7011	3033	0.080
607.7	3985	7586	3601	0.095
609.5	4000	8340	4340	0.115
611.4	3977	9257	5280	0.140
613.2	3980	10454	6474	0.172
615.0	3977	11908	7931	0.210
616.8	4006	13764	9758	0.259
618.6	3977	16140	12163	0.322
620.5	3975	19155	15180	0.402
622.3	3988	23043	19055	0.505
624.1	3978	27820	23842	0.632
625.9	3994	33472	29478	0.781
627.7	3982	38710	34728	0.920
629.5	3984	41731	37747	1.000
631.4	3988	40442	36454	0.966
633.2	3991	34905	30914	0.819
635.0	3973	27300	23327	0.618
636.8	3975	20498	16523	0.438
638.6	3977	15593	11616	0.308
640.4	3992	12280	8288	0.220
642.2	3987	9951	5964	0.158
644.0	3984	8201	4217	0.112
645.9	3981	6899	2918	0.077
647.7	3996	5932	1936	0.051
649.5	3993	5250	1257	0.033
651.3	3987	4838	851	0.023
653.1	3983	4608	625	0.017
654.9	3981	4446	465	0.012
656.7	3975	4304	329	0.009
658.5	3977	4256	279	0.007
660.3	3993	4133	140	0.004
662.1	4016	4152	136	0.004
663.9	3989	4062	73	0.002
665.7	3970	4029	59	0.002
667.5	4017	4038	21	0.001
669.3	3989	4009	20	0.001
671.1	3979	3988	9	0.000
672.9	4002	3995	0	0.000
674.7	3982	3975	0	0.000
676.5	4015	3985	0	0.000
678.3	3971	3957	0	0.000
680.1	3986	3967	0	0.000
681.8	3988	3951	0	0.000
683.6	3987	3983	0	0.000
685.4	3986	3978	0	0.000
687.2	4005	4009	4	0.000
689.0	3982	3938	0	0.000
690.8	3985	3949	0	0.000
692.6	3997	3972	0	0.000
694.4	3995	3946	0	0.000
696.1	3994	3982	0	0.000
697.9	3981	3916	0	0.000
699.7	3991	3954	0	0.000
701.5	3997	3941	0	0.000
703.3	3989	3915	0	0.000
705.0	3985	3954	0	0.000
706.8	3995	3968	0	0.000
708.6	3985	3941	0	0.000
710.4	3991	3984	0	0.000
712.2	4005	3952	0	0.000
713.9	3984	3921	0	0.000
715.7	3993	3942	0	0.000
717.5	3982	3949	0	0.000
719.3	3989	3939	0	0.000
721.0	3997	3966	0	0.000
722.8	3997	3948	0	0.000
724.6	3976	3962	0	0.000
726.3	3991	3984	0	0.000
728.1	4000	3916	0	0.000
729.9	3998	3938	0	0.000
731.6	3994	3955	0	0.000
733.4	3983	3934	0	0.000
735.2	3990	3932	0	0.000
736.9	4006	3993	0	0.000
738.7	3989	3940	0	0.000
740.4	4008	3924	0	0.000
742.2	3987	3952	0	0.000
744.0	4005	3934	0	0.000
745.7	3983	3946	0	0.000
747.5	3989	4000	11	0.000
749.2	3982	3987	5	0.000
751.0	3989	3954	0	0.000
752.7	3994	3950	0	0.000
754.5	4005	3975	0	0.000
756.2	4003	3932	0	0.000
758.0	3995	3950	0	0.000
759.7	3984	3956	0	0.000
761.5	4002	3935	0	0.000
763.2	3975	3947	0	0.000
765.0	3999	3972	0	0.000
766.7	4003	3971	0	0.000
768.5	4007	3962	0	0.000
770.2	4004	3964	0	0.000
772.0	3979	3968	0	0.000
773.7	4016	3988	0	0.000
775.5	4016	3999	0	0.000
777.2	4002	3960	0	0.000
778.9	4033	4015	0	0.000
780.7	4014	3972	0	0.000
782.4	4018	3985	0	0.000
784.1	4039	3961	0	0.000
785.9	4031	4009	0	0.000
787.6	4040	3998	0	0.000
789.3	4040	4030	0	0.000
791.1	4051	4031	0	0.000