324.1	4086	4105	19	0.001
326.0	4017	4011	0	0.000
327.9	4020	4077	57	0.002
329.7	4013	4013	0	0.000
331.6	4021	4064	43	0.001
333.5	4008	4046	38	0.001
335.4	4008	4005	0	0.000
337.3	4006	3991	0	0.000
339.2	4029	4046	17	0.000
341.1	4015	4051	36	0.001
343.0	3999	4009	10	0.000
344.8	4011	4079	68	0.002
346.7	3996	3983	0	0.000
348.6	3988	4004	16	0.000
350.5	4010	4041	31	0.001
352.4	3991	4051	60	0.002
354.3	3982	4024	42	0.001
356.2	3984	4018	34	0.001
358.0	4000	3995	0	0.000
359.9	3986	4021	35	0.001
361.8	3988	4053	65	0.002
363.7	3993	4039	46	0.001
365.6	3989	4007	18	0.001
367.5	4002	4034	32	0.001
369.4	3988	4047	59	0.002
371.2	3994	4059	65	0.002
373.1	4007	4043	36	0.001
375.0	3990	4057	67	0.002
376.9	3992	4049	57	0.002
378.8	4016	4102	86	0.002
380.7	3993	4041	48	0.001
382.6	4003	4050	47	0.001
384.4	4007	4039	32	0.001
386.3	3994	4063	69	0.002
388.2	3987	4078	91	0.003
390.1	3988	4018	30	0.001
392.0	3991	4051	60	0.002
393.9	3988	4004	16	0.000
395.8	4002	4055	53	0.002
397.6	3990	4029	39	0.001
399.5	3990	4055	65	0.002
401.4	3997	4049	52	0.001
403.3	3994	4056	62	0.002
405.2	4006	4057	51	0.001
407.0	4000	4072	72	0.002
408.9	3992	4068	76	0.002
410.8	4008	4116	108	0.003
412.7	4006	4158	152	0.004
414.6	4008	4194	186	0.005
416.5	4010	4303	293	0.008
418.3	3991	4354	363	0.010
420.2	4001	4534	533	0.015
422.1	4004	4751	747	0.021
424.0	3998	5020	1022	0.029
425.9	3996	5439	1443	0.041
427.7	3992	5954	1962	0.056
429.6	4019	6632	2613	0.075
431.5	4011	7500	3489	0.100
433.4	3989	8576	4587	0.131
435.2	3994	9877	5883	0.169
437.1	3987	11525	7538	0.216
439.0	4009	13454	9445	0.271
440.9	4003	15749	11746	0.336
442.8	3997	18652	14655	0.420
444.6	4019	22225	18206	0.522
446.5	3981	26378	22397	0.642
448.4	3995	30979	26984	0.773
450.3	4009	35281	31272	0.896
452.1	4008	38170	34162	0.979
454.0	4001	38909	34908	1.000
455.9	4021	37057	33036	0.946
457.8	4018	33059	29041	0.832
459.6	4012	28247	24235	0.694
461.5	3996	23675	19679	0.564
463.4	4002	20126	16124	0.462
465.2	4001	17625	13624	0.390
467.1	3989	15908	11919	0.341
469.0	3986	14622	10636	0.305
470.9	4017	13439	9422	0.270
472.7	3992	12222	8230	0.236
474.6	3992	11080	7088	0.203
476.5	4015	10015	6000	0.172
478.3	4011	9202	5191	0.149
480.2	4004	8586	4582	0.131
482.1	4013	8167	4154	0.119
483.9	4003	7976	3973	0.114
485.8	4030	7942	3912	0.112
487.7	4021	7874	3853	0.110
489.5	4023	7997	3974	0.114
491.4	4003	8128	4125	0.118
493.3	3995	8386	4391	0.126
495.1	4005	8698	4693	0.134
497.0	4002	9234	5232	0.150
498.8	4005	9804	5799	0.166
500.7	4021	10438	6417	0.184
502.6	4010	11175	7165	0.205
504.4	4022	11984	7962	0.228
506.3	4008	12715	8707	0.249
508.2	4025	13439	9414	0.270
510.0	4007	14238	10231	0.293
511.9	4009	14847	10838	0.310
513.7	4015	15589	11574	0.332
515.6	3994	16194	12200	0.349
517.5	4018	16859	12841	0.368
519.3	3983	17408	13425	0.385
521.2	4002	17901	13899	0.398
523.0	4006	18558	14552	0.417
524.9	4007	19091	15084	0.432
526.7	4001	19630	15629	0.448
528.6	4000	20043	16043	0.460
530.4	4008	20275	16267	0.466
532.3	3995	20465	16470	0.472
534.1	4025	20566	16541	0.474
536.0	4020	20508	16488	0.472
537.8	4033	20430	16397	0.470
539.7	3995	20289	16294	0.467
541.5	4016	20105	16089	0.461
543.4	4022	19928	15906	0.456
545.2	4008	19681	15673	0.449
547.1	3989	19400	15411	0.441
548.9	4012	19152	15140	0.434
550.8	4004	18840	14836	0.425
552.6	4012	18591	14579	0.418
554.5	4002	18283	14281	0.409
556.3	4020	18101	14081	0.403
558.2	3986	17749	13763	0.394
560.0	4012	17544	13532	0.388
561.9	4018	17232	13214	0.379
563.7	4015	16926	12911	0.370
565.5	4005	16731	12726	0.365
567.4	4019	16447	12428	0.356
569.2	4016	16140	12124	0.347
571.1	4017	15909	11892	0.341
572.9	4025	15691	11666	0.334
574.7	3989	15390	11401	0.327
576.6	4010	15156	11146	0.319
578.4	4008	14843	10835	0.310
580.2	4013	14596	10583	0.303
582.1	4020	14359	10339	0.296
583.9	4019	14094	10075	0.289
585.8	4015	13872	9857	0.282
587.6	4014	13646	9632	0.276
589.4	4012	13378	9366	0.268
591.3	4004	13128	9124	0.261
593.1	4012	12856	8844	0.253
594.9	4002	12612	8610	0.247
596.7	4052	12428	8376	0.240
598.6	4020	12148	8128	0.233
600.4	4012	11886	7874	0.226
602.2	4026	11579	7553	0.216
604.1	4010	11358	7348	0.210
605.9	4012	11081	7069	0.203
607.7	4021	10737	6716	0.192
609.5	4037	10358	6321	0.181
611.4	4012	10031	6019	0.172
613.2	4015	9729	5714	0.164
615.0	4012	9517	5505	0.158
616.8	4044	9266	5222	0.150
618.6	4011	9038	5027	0.144
620.5	4009	8880	4871	0.140
622.3	4024	8677	4653	0.133
624.1	4012	8542	4530	0.130
625.9	4031	8422	4391	0.126
627.7	4018	8274	4256	0.122
629.5	4018	8125	4107	0.118
631.4	4024	7998	3974	0.114
633.2	4025	7827	3802	0.109
635.0	4006	7673	3667	0.105
636.8	4007	7539	3532	0.101
638.6	4011	7370	3359	0.096
640.4	4028	7225	3197	0.092
642.2	4022	7094	3072	0.088
644.0	4019	6910	2891	0.083
645.9	4016	6791	2775	0.079
647.7	4032	6663	2631	0.075
649.5	4029	6533	2504	0.072
651.3	4022	6431	2409	0.069
653.1	4018	6300	2282	0.065
654.9	4015	6177	2162	0.062
656.7	4010	6086	2076	0.059
658.5	4010	5978	1968	0.056
660.3	4028	5859	1831	0.052
662.1	4054	5839	1785	0.051
663.9	4024	5672	1648	0.047
665.7	4003	5565	1562	0.045
667.5	4056	5537	1481	0.042
669.3	4025	5430	1405	0.040
671.1	4013	5282	1269	0.036
672.9	4038	5308	1270	0.036
674.7	4016	5163	1147	0.033
676.5	4052	5121	1069	0.031
678.3	4003	5036	1033	0.030
680.1	4021	4980	959	0.027
681.8	4022	4920	898	0.026
683.6	4022	4861	839	0.024
685.4	4021	4801	780	0.022
687.2	4042	4774	732	0.021
689.0	4016	4702	686	0.020
690.8	4019	4671	652	0.019
692.6	4033	4679	646	0.019
694.4	4030	4608	578	0.017
696.1	4029	4535	506	0.014
697.9	4014	4506	492	0.014
699.7	4026	4507	481	0.014
701.5	4033	4460	427	0.012
703.3	4024	4430	406	0.012
705.0	4019	4360	341	0.010
706.8	4030	4369	339	0.010
708.6	4018	4372	354	0.010
710.4	4027	4357	330	0.009
712.2	4042	4324	282	0.008
713.9	4018	4292	274	0.008
715.7	4028	4256	228	0.007
717.5	4016	4208	192	0.006
719.3	4024	4215	191	0.005
721.0	4032	4245	213	0.006
722.8	4033	4215	182	0.005
724.6	4009	4183	174	0.005
726.3	4025	4209	184	0.005
728.1	4036	4193	157	0.004
729.9	4034	4152	118	0.003
731.6	4029	4128	99	0.003
733.4	4018	4099	81	0.002
735.2	4024	4114	90	0.003
736.9	4044	4131	87	0.002
738.7	4023	4082	59	0.002
740.4	4046	4141	95	0.003
742.2	4022	4100	78	0.002
744.0	4041	4088	47	0.001
745.7	4016	4035	19	0.001
747.5	4024	4060	36	0.001
749.2	4016	4052	36	0.001
751.0	4023	4079	56	0.002
752.7	4028	4057	29	0.001
754.5	4042	4082	40	0.001
756.2	4038	4081	43	0.001
758.0	4029	4058	29	0.001
759.7	4018	4018	0	0.000
761.5	4038	4068	30	0.001
763.2	4008	4080	72	0.002
765.0	4036	4048	12	0.000
766.7	4039	4060	21	0.001
768.5	4043	4032	0	0.000
770.2	4040	4031	0	0.000
772.0	4011	3982	0	0.000
773.7	4052	4086	34	0.001
775.5	4052	4037	0	0.000
777.2	4036	3996	0	0.000
778.9	4071	4044	0	0.000
780.7	4050	4041	0	0.000
782.4	4053	4016	0	0.000
784.1	4078	4077	0	0.000
785.9	4067	4038	0	0.000
787.6	4077	4051	0	0.000
789.3	4077	4051	0	0.000
791.1	4089	4062	0	0.000
